348,742 -> 620,742
494,864 -> 494,484
193,136 -> 301,136
342,692 -> 342,538
234,525 -> 102,393
72,964 -> 847,189
639,430 -> 99,970
398,791 -> 398,187
181,144 -> 205,168
607,617 -> 416,617
98,339 -> 98,437
763,119 -> 176,119
450,848 -> 450,664
293,133 -> 293,98
308,98 -> 308,15
157,21 -> 405,269
792,471 -> 409,471
42,955 -> 956,41
895,269 -> 895,884
629,635 -> 392,635
169,23 -> 273,127
250,847 -> 250,665
709,56 -> 709,626
938,599 -> 669,868
913,46 -> 458,501
844,417 -> 844,424
178,651 -> 640,189
226,266 -> 149,266
654,421 -> 654,499
368,780 -> 368,38
183,743 -> 497,429
942,34 -> 387,589
987,461 -> 987,348
485,275 -> 330,275
33,460 -> 456,883
606,304 -> 606,628
755,170 -> 755,187
342,862 -> 250,954
866,125 -> 151,840
795,489 -> 599,685
905,525 -> 905,457
99,620 -> 99,339
899,507 -> 699,707
627,444 -> 923,444
798,80 -> 419,459
580,237 -> 580,907
947,336 -> 947,727
491,466 -> 546,411
335,221 -> 458,221
547,70 -> 407,210
520,80 -> 647,80
835,58 -> 835,300
574,239 -> 589,239
219,670 -> 219,22
512,69 -> 255,69
83,701 -> 239,701
874,109 -> 48,935
980,892 -> 159,71
154,879 -> 53,879
782,37 -> 89,730
481,736 -> 481,614
377,886 -> 569,694
777,403 -> 726,454
728,952 -> 728,972
495,643 -> 879,643
425,564 -> 187,326
443,110 -> 386,167
529,279 -> 529,103
985,983 -> 16,14
145,112 -> 877,844
914,34 -> 121,827
409,229 -> 784,229
719,86 -> 479,86
929,984 -> 218,984
985,928 -> 299,242
168,159 -> 168,743
189,784 -> 189,498
401,58 -> 390,58
47,283 -> 452,688
246,292 -> 246,461
869,901 -> 643,675
879,593 -> 108,593
707,417 -> 336,417
99,401 -> 99,502
583,764 -> 583,668
493,934 -> 493,78
643,570 -> 643,990
278,765 -> 600,443
940,437 -> 940,488
812,896 -> 812,594
727,711 -> 25,711
173,586 -> 667,92
169,879 -> 466,582
361,650 -> 361,276
725,818 -> 725,662
48,119 -> 781,852
921,62 -> 921,647
135,613 -> 135,295
702,969 -> 194,461
306,709 -> 274,709
117,182 -> 117,856
608,635 -> 608,854
448,250 -> 448,641
635,552 -> 341,552
528,432 -> 51,432
711,763 -> 987,487
43,931 -> 917,57
980,841 -> 526,387
279,412 -> 377,412
334,107 -> 509,282
164,15 -> 164,345
708,139 -> 708,846
323,930 -> 323,282
256,902 -> 922,236
586,453 -> 244,111
21,92 -> 840,911
282,888 -> 839,331
278,439 -> 712,873
110,595 -> 696,595
95,531 -> 804,531
800,206 -> 800,881
396,244 -> 396,441
334,60 -> 122,60
640,331 -> 640,467
757,126 -> 731,126
430,245 -> 932,245
160,655 -> 753,62
502,432 -> 751,432
434,378 -> 434,287
907,374 -> 552,729
548,864 -> 632,864
616,961 -> 746,831
116,316 -> 666,866
78,44 -> 950,916
873,570 -> 355,570
202,859 -> 885,176
449,348 -> 904,348
143,179 -> 760,796
478,823 -> 478,55
790,446 -> 790,257
34,888 -> 736,888
630,696 -> 437,889
350,589 -> 118,821
803,373 -> 808,373
490,778 -> 818,450
487,725 -> 487,836
794,502 -> 794,114
136,743 -> 136,634
572,103 -> 194,103
488,614 -> 528,614
18,878 -> 539,357
889,35 -> 889,271
436,419 -> 21,419
422,319 -> 422,821
176,935 -> 923,188
398,398 -> 436,436
327,45 -> 820,538
643,428 -> 890,675
743,714 -> 143,114
203,359 -> 189,359
346,672 -> 346,190
263,804 -> 263,249
93,683 -> 93,453
19,180 -> 238,399
47,941 -> 888,100
525,888 -> 236,599
624,397 -> 126,397
382,119 -> 382,981
972,753 -> 336,117
682,978 -> 48,344
639,477 -> 639,408
545,966 -> 12,966
275,234 -> 401,234
912,20 -> 101,20
54,109 -> 809,864
242,149 -> 242,283
664,353 -> 828,353
117,539 -> 26,630
794,554 -> 624,554
828,536 -> 43,536
746,717 -> 746,420
540,930 -> 224,930
862,229 -> 862,212
492,917 -> 835,574
960,496 -> 960,618
148,530 -> 148,485
415,974 -> 494,974
694,118 -> 654,158
672,210 -> 672,81
548,692 -> 668,812
891,50 -> 10,931
639,652 -> 844,652
579,522 -> 556,545
231,880 -> 170,880
443,12 -> 443,775
562,185 -> 562,984
619,313 -> 74,858
371,502 -> 642,231
969,694 -> 714,949
943,157 -> 179,921
821,305 -> 821,427
782,579 -> 874,671
378,943 -> 378,956
315,636 -> 572,893
544,357 -> 315,357
51,158 -> 16,158
151,428 -> 508,428
818,939 -> 90,939
99,396 -> 451,396
602,834 -> 695,834
974,145 -> 974,919
327,630 -> 254,630
858,166 -> 900,166
537,681 -> 564,681
672,674 -> 672,619
544,408 -> 750,614
84,664 -> 210,664
204,886 -> 469,886
475,940 -> 475,592
868,922 -> 614,922
987,939 -> 367,939
854,498 -> 956,498
863,148 -> 22,989
565,580 -> 948,197
231,952 -> 798,385
935,832 -> 113,10
631,362 -> 631,329
405,143 -> 303,143
807,831 -> 891,831
450,976 -> 450,247
488,676 -> 508,676
170,328 -> 636,794
626,815 -> 626,938
217,558 -> 708,558
598,549 -> 532,549
824,307 -> 304,307
539,932 -> 390,932
542,786 -> 435,893
735,42 -> 389,388
677,448 -> 65,448
929,915 -> 29,15
870,344 -> 870,287
187,138 -> 754,138
729,353 -> 508,132
919,821 -> 317,219
272,459 -> 272,72
599,413 -> 342,413
919,862 -> 199,142
229,476 -> 893,476
438,516 -> 150,228